image_width: 1280
image_height: 720
camera_name: narrow_stereo
camera_matrix:
  rows: 3
  cols: 3
  data: [1259.157807, 0.000000, 626.587968, 0.000000, 1259.207534, 323.224541, 0.000000, 0.000000, 1.000000]
distortion_model: plumb_bob
distortion_coefficients:
  rows: 1
  cols: 5
  data: [-0.396304, 0.324814, -0.003378, -0.002047, 0.000000]
rectification_matrix:
  rows: 3
  cols: 3
  data: [1.000000, 0.000000, 0.000000, 0.000000, 1.000000, 0.000000, 0.000000, 0.000000, 1.000000]
projection_matrix:
  rows: 3
  cols: 4
  data: [1142.426025, 0.000000, 621.747877, 0.000000, 0.000000, 1216.431274, 319.674886, 0.000000, 0.000000, 0.000000, 1.000000, 0.000000]
