# oST version 5.0 parameters


[image]

width
1280

height
720

[narrow_stereo]

camera matrix
1259.157807 0.000000 626.587968
0.000000 1259.207534 323.224541
0.000000 0.000000 1.000000

distortion
-0.396304 0.324814 -0.003378 -0.002047 0.000000

rectification
1.000000 0.000000 0.000000
0.000000 1.000000 0.000000
0.000000 0.000000 1.000000

projection
1142.426025 0.000000 621.747877 0.000000
0.000000 1216.431274 319.674886 0.000000
0.000000 0.000000 1.000000 0.000000

