image_width: 1280
image_height: 720
camera_name: narrow_stereo
camera_matrix:
  rows: 3
  cols: 3
  data: [1259.157807, 0, 626.587968, 0, 1259.207534, 323.224541, 0, 0, 1]
distortion_model: plumb_bob
distortion_coefficients:
  rows: 1
  cols: 5
  data: [-0.396304, 0.324814, -0.003378, -0.002047, 0]
rectification_matrix:
  rows: 3
  cols: 3
  data: [1, 0, 0, 0, 1, 0, 0, 0, 1]
projection_matrix:
  rows: 3
  cols: 4
  data: [1142.426025, 0, 621.747877, 0, 0, 1216.431274, 319.674886, 0, 0, 0, 1, 0]